XirgoMessage : 68 30 31 0 38 30 38 34 0 68 30 32 0 33 35 32 30 35 34 30 35 30 35 32 32 37 32 32 0 68 30 33 0 31 33 34 31 37 38 31 30 35 30 38 38 32 0 24 24 33 35 32 30 35 34 30 35 30 35 32 32 37 32 32 2c 36 30 31 31 2c 32 30 31 32 2f 30 37 2f 30 38 2c 32 30 3a 35 37 3a 33 30 2c 33 37 2e 33 35 38 33 36 2c 2d 31 32 31 2e 39 33 35 35 32 2c 32 35 2e 30 2c 30 2c 30 2c 30 2c 30 2c 30 2e 30 2c 36 2c 31 2e 34 2c 30 2c 30 2e 30 2c 31 34 2e 32 2c 31 36 2c 31 2c 30 2e 30 2c 30 23 23 0 

XirgoMessage : 68 30 31 0 38 30 38 34 0 68 30 32 0 33 35 32 30 35 34 30 35 30 35 32 32 37 32 32 0 68 30 33 0 31 33 34 31 37 38 31 30 35 30 38 38 32 0 24 24 33 35 32 30 35 34 30 35 30 35 32 32 37 32 32 2c 36 30 31 31 2c 32 30 31 32 2f 30 37 2f 30 38 2c 32 30 3a 35 37 3a 33 30 2c 33 37 2e 33 35 38 33 36 2c 2d 31 32 31 2e 39 33 35 35 32 2c 32 35 2e 30 2c 30 2c 30 2c 30 2c 30 2c 30 2e 30 2c 36 2c 31 2e 34 2c 30 2c 30 2e 30 2c 31 34 2e 32 2c 31 36 2c 31 2c 30 2e 30 2c 30 23 23 0 

XirgoMessage : 68 30 31 0 38 30 38 34 0 68 30 32 0 33 35 32 30 35 34 30 35 30 35 32 32 37 32 32 0 68 30 33 0 31 33 34 31 37 38 31 30 35 30 38 38 32 0 24 24 33 35 32 30 35 34 30 35 30 35 32 32 37 32 32 2c 36 30 31 31 2c 32 30 31 32 2f 30 37 2f 30 38 2c 32 30 3a 35 37 3a 33 30 2c 33 37 2e 33 35 38 33 36 2c 2d 31 32 31 2e 39 33 35 35 32 2c 32 35 2e 30 2c 30 2c 30 2c 30 2c 30 2c 30 2e 30 2c 36 2c 31 2e 34 2c 30 2c 30 2e 30 2c 31 34 2e 32 2c 31 36 2c 31 2c 30 2e 30 2c 30 23 23 0 

XirgoMessage : 68 30 31 0 38 30 38 34 0 68 30 32 0 33 35 32 30 35 34 30 35 30 35 32 32 37 32 32 0 68 30 33 0 31 33 34 31 37 38 31 30 35 30 38 38 32 0 24 24 33 35 32 30 35 34 30 35 30 35 32 32 37 32 32 2c 36 30 31 31 2c 32 30 31 32 2f 30 37 2f 30 38 2c 32 30 3a 35 37 3a 33 30 2c 33 37 2e 33 35 38 33 36 2c 2d 31 32 31 2e 39 33 35 35 32 2c 32 35 2e 30 2c 30 2c 30 2c 30 2c 30 2c 30 2e 30 2c 36 2c 31 2e 34 2c 30 2c 30 2e 30 2c 31 34 2e 32 2c 31 36 2c 31 2c 30 2e 30 2c 30 23 23 0 

XirgoMessage : 68 30 31 0 38 30 38 34 0 68 30 32 0 33 35 32 30 35 34 30 35 30 35 32 32 37 32 32 0 68 30 33 0 31 33 34 31 37 38 31 30 35 30 38 38 32 0 24 24 33 35 32 30 35 34 30 35 30 35 32 32 37 32 32 2c 36 30 31 31 2c 32 30 31 32 2f 30 37 2f 30 38 2c 32 30 3a 35 37 3a 33 30 2c 33 37 2e 33 35 38 33 36 2c 2d 31 32 31 2e 39 33 35 35 32 2c 32 35 2e 30 2c 30 2c 30 2c 30 2c 30 2c 30 2e 30 2c 36 2c 31 2e 34 2c 30 2c 30 2e 30 2c 31 34 2e 32 2c 31 36 2c 31 2c 30 2e 30 2c 30 23 23 0 

XirgoMessage : 68 30 31 0 38 30 38 34 0 68 30 32 0 33 35 32 30 35 34 30 35 30 35 32 32 37 32 32 0 68 30 33 0 31 33 34 31 37 38 31 30 35 30 38 38 32 0 24 24 33 35 32 30 35 34 30 35 30 35 32 32 37 32 32 2c 36 30 31 31 2c 32 30 31 32 2f 30 37 2f 30 38 2c 32 30 3a 35 37 3a 33 30 2c 33 37 2e 33 35 38 33 36 2c 2d 31 32 31 2e 39 33 35 35 32 2c 32 35 2e 30 2c 30 2c 30 2c 30 2c 30 2c 30 2e 30 2c 36 2c 31 2e 34 2c 30 2c 30 2e 30 2c 31 34 2e 32 2c 31 36 2c 31 2c 30 2e 30 2c 30 23 23 0 

