messageData : 68 30 31 0 33 30 30 31 0 68 30 32 0 30 34 35 31 31 30 32 33 33 30 31 33 0 2 34 3 0 

messageData : 68 30 31 0 33 30 30 31 0 68 30 32 0 30 34 35 31 31 30 32 33 33 30 31 33 0 2 34 3 0 

messageData : 68 30 31 0 33 30 30 31 0 68 30 32 0 30 34 35 31 31 30 32 33 33 30 31 33 0 2 34 3 0 

messageData : 68 30 31 0 33 30 30 31 0 68 30 32 0 30 34 35 31 31 30 32 33 33 30 31 33 0 2 34 3 0 

messageData : 68 30 31 0 33 30 30 31 0 68 30 32 0 30 34 35 31 31 30 32 33 33 30 31 33 0 2 34 3 0 

messageData : 68 30 31 0 33 30 30 31 0 68 30 32 0 30 34 35 31 31 30 32 33 33 30 31 33 0 2 34 3 0 

messageData : 68 30 31 0 33 30 30 31 0 68 30 32 0 30 34 35 31 31 30 32 33 33 30 31 33 0 2 34 3 0 

messageData : 68 30 31 0 33 30 30 31 0 68 30 32 0 30 34 35 31 31 30 32 33 33 30 31 33 0 2 34 3 0 

messageData : 68 30 31 0 33 30 30 31 0 68 30 32 0 30 34 35 31 31 30 32 33 33 30 31 33 0 2 34 3 0 

messageData : 68 30 31 0 33 30 30 31 0 68 30 32 0 30 34 35 31 31 30 32 33 33 30 31 33 0 2 34 3 0 

messageData : 68 30 31 0 33 30 30 31 0 68 30 32 0 30 34 35 31 31 30 32 33 33 30 31 33 0 2 34 3 0 

messageData : 68 30 31 0 33 30 30 31 0 68 30 32 0 30 34 35 31 31 30 32 33 33 30 31 33 0 2 34 3 0 

messageData : 68 30 31 0 33 30 30 31 0 68 30 32 0 30 34 35 31 31 30 32 33 33 30 31 33 0 2 34 3 0 

messageData : 68 30 31 0 33 30 30 31 0 68 30 32 0 30 34 35 31 31 30 32 33 33 30 31 33 0 2 34 3 0 

messageData : 68 30 31 0 33 30 30 31 0 68 30 32 0 30 34 35 31 31 30 32 33 33 30 31 33 0 2 34 3 0 

messageData : 68 30 31 0 33 30 30 31 0 68 30 32 0 30 34 35 31 31 30 32 33 33 30 31 33 0 2 34 3 0 

messageData : 68 30 31 0 33 30 30 31 0 68 30 32 0 30 34 35 31 31 30 32 33 33 30 31 33 0 2 34 3 0 

messageData : 68 30 31 0 33 30 30 31 0 68 30 32 0 30 34 35 31 31 30 32 33 33 30 31 33 0 2 34 3 0 

messageData : 68 30 31 0 33 30 30 31 0 68 30 32 0 30 34 35 31 31 30 32 33 33 30 31 33 0 2 34 3 0 

messageData : 68 30 31 0 33 30 30 31 0 68 30 32 0 30 34 35 31 31 30 32 33 33 30 31 33 0 2 34 3 0 

messageData : 68 30 31 0 33 30 30 31 0 68 30 32 0 30 34 35 31 31 30 32 33 33 30 31 33 0 2 34 3 0 

messageData : 68 30 31 0 33 30 30 31 0 68 30 32 0 30 34 35 31 31 30 32 33 33 30 31 33 0 2 34 3 0 

messageData : 68 30 31 0 33 30 30 31 0 68 30 32 0 30 34 35 31 31 30 32 33 33 30 31 33 0 2 34 3 0 

messageData : 68 30 31 0 33 30 30 31 0 68 30 32 0 30 34 35 31 31 30 32 33 33 30 31 33 0 2 34 3 0 

messageData : 68 30 31 0 33 30 30 31 0 68 30 32 0 30 34 35 31 31 30 32 33 33 30 31 33 0 2 34 3 0 

messageData : 68 30 31 0 33 30 30 31 0 68 30 32 0 30 34 35 31 31 30 32 33 33 30 31 33 0 2 34 3 0 

messageData : 68 30 31 0 33 30 30 31 0 68 30 32 0 30 34 35 31 31 30 32 33 33 30 31 33 0 2 34 3 0 

messageData : 68 30 31 0 33 30 30 31 0 68 30 32 0 30 34 35 31 31 30 32 33 33 30 31 33 0 2 34 3 0 

messageData : 68 30 31 0 33 30 30 31 0 68 30 32 0 30 34 35 31 31 30 32 33 33 30 31 33 0 2 34 3 0 

messageData : 68 30 31 0 33 30 30 31 0 68 30 32 0 30 34 35 31 31 30 32 33 33 30 31 33 0 2 34 3 0 

messageData : 68 30 31 0 33 30 30 31 0 68 30 32 0 30 34 35 31 31 30 32 33 33 30 31 33 0 2 34 3 0 

messageData : 68 30 31 0 33 30 30 31 0 68 30 32 0 30 34 35 31 31 30 32 33 33 30 31 33 0 2 34 3 0 

messageData : 68 30 31 0 33 30 30 31 0 68 30 32 0 30 34 35 31 31 30 32 33 33 30 31 33 0 2 34 3 0 

messageData : 68 30 31 0 33 30 30 31 0 68 30 32 0 30 34 35 31 31 30 32 33 33 30 31 33 0 2 34 3 0 

messageData : 68 30 31 0 33 30 30 31 0 68 30 32 0 30 34 35 31 31 30 32 33 33 30 31 33 0 2 34 3 0 

messageData : 68 30 31 0 33 30 30 31 0 68 30 32 0 30 34 35 31 31 30 32 33 33 30 31 33 0 2 34 3 0 

PicoloPresentationMessage : 68 30 31 0 33 30 30 31 0 68 30 32 0 30 34 35 31 31 30 32 33 33 30 31 33 0 2 32 77 6c 69 3a 30 34 35 31 31 30 32 33 33 30 31 33 3 0 

messageData : 68 30 31 0 33 30 30 31 0 68 30 32 0 30 34 35 31 31 30 32 33 33 30 31 33 0 2 34 3 0 

messageData : 68 30 31 0 33 30 30 31 0 68 30 32 0 30 34 35 31 31 30 32 33 33 30 31 33 0 2 34 3 0 

messageData : 68 30 31 0 33 30 30 31 0 68 30 32 0 30 34 35 31 31 30 32 33 33 30 31 33 0 2 34 3 0 

messageData : 68 30 31 0 33 30 30 31 0 68 30 32 0 30 34 35 31 31 30 32 33 33 30 31 33 0 2 34 3 0 

messageData : 68 30 31 0 33 30 30 31 0 68 30 32 0 30 34 35 31 31 30 32 33 33 30 31 33 0 2 34 3 0 

messageData : 68 30 31 0 33 30 30 31 0 68 30 32 0 30 34 35 31 31 30 32 33 33 30 31 33 0 2 34 3 0 

messageData : 68 30 31 0 33 30 30 31 0 68 30 32 0 30 34 35 31 31 30 32 33 33 30 31 33 0 2 34 3 0 

messageData : 68 30 31 0 33 30 30 31 0 68 30 32 0 30 34 35 31 31 30 32 33 33 30 31 33 0 2 34 3 0 

messageData : 68 30 31 0 33 30 30 31 0 68 30 32 0 30 34 35 31 31 30 32 33 33 30 31 33 0 2 34 3 0 

messageData : 68 30 31 0 33 30 30 31 0 68 30 32 0 30 34 35 31 31 30 32 33 33 30 31 33 0 2 34 3 0 

messageData : 68 30 31 0 33 30 30 31 0 68 30 32 0 30 34 35 31 31 30 32 33 33 30 31 33 0 2 34 3 0 

messageData : 68 30 31 0 33 30 30 31 0 68 30 32 0 30 34 35 31 31 30 32 33 33 30 31 33 0 2 34 3 0 

messageData : 68 30 31 0 33 30 30 31 0 68 30 32 0 30 34 35 31 31 30 32 33 33 30 31 33 0 2 34 3 0 

messageData : 68 30 31 0 33 30 30 31 0 68 30 32 0 30 34 35 31 31 30 32 33 33 30 31 33 0 2 34 3 0 

messageData : 68 30 31 0 33 30 30 31 0 68 30 32 0 30 34 35 31 31 30 32 33 33 30 31 33 0 2 34 3 0 

messageData : 68 30 31 0 33 30 30 31 0 68 30 32 0 30 34 35 31 31 30 32 33 33 30 31 33 0 2 34 3 0 

messageData : 68 30 31 0 33 30 30 31 0 68 30 32 0 30 34 35 31 31 30 32 33 33 30 31 33 0 2 34 3 0 

messageData : 68 30 31 0 33 30 30 31 0 68 30 32 0 30 34 35 31 31 30 32 33 33 30 31 33 0 2 34 3 0 

messageData : 68 30 31 0 33 30 30 31 0 68 30 32 0 30 34 35 31 31 30 32 33 33 30 31 33 0 2 34 3 0 

messageData : 68 30 31 0 33 30 30 31 0 68 30 32 0 30 34 35 31 31 30 32 33 33 30 31 33 0 2 34 3 0 

messageData : 68 30 31 0 33 30 30 31 0 68 30 32 0 30 34 35 31 31 30 32 33 33 30 31 33 0 2 34 3 0 

messageData : 68 30 31 0 33 30 30 31 0 68 30 32 0 30 34 35 31 31 30 32 33 33 30 31 33 0 2 34 3 0 

messageData : 68 30 31 0 33 30 30 31 0 68 30 32 0 30 34 35 31 31 30 32 33 33 30 31 33 0 2 34 3 0 

messageData : 68 30 31 0 33 30 30 31 0 68 30 32 0 30 34 35 31 31 30 32 33 33 30 31 33 0 2 34 3 0 

messageData : 68 30 31 0 33 30 30 31 0 68 30 32 0 30 34 35 31 31 30 32 33 33 30 31 33 0 2 34 3 0 

messageData : 68 30 31 0 33 30 30 31 0 68 30 32 0 30 34 35 31 31 30 32 33 33 30 31 33 0 2 34 3 0 

messageData : 68 30 31 0 33 30 30 31 0 68 30 32 0 30 34 35 31 31 30 32 33 33 30 31 33 0 2 34 3 0 

